[0.2723023  0.42772361 0.67931273]
[0.85679676 0.44645502 0.68451794]
[1.99742838 0.46538668 0.68924777]
[3.69416854 0.48451271 0.69352916]
[5.94698714 0.50382662 0.69738948]
[8.75585209 0.52332178 0.7008579 ]
[12.12073081  0.54299137  0.70396477]
[16.04158896  0.56282803  0.7067414 ]
[20.51838978  0.58282364  0.70922111]
[25.55109411  0.60296912  0.71144032]
[31.13966071  0.62325419  0.71343892]
[37.28404651  0.64366694  0.71526009]
[43.98420561  0.66419429  0.71694961]
[51.2400879   0.68482298  0.71855581]
[59.05163909  0.70554148  0.72012846]
[67.41880338  0.72633846  0.72171915]
[76.34152234  0.74720158  0.72338341]
[85.81973409  0.76811703  0.72517986]
[95.8533763   0.78906914  0.72716795]
[106.44238509   0.810041     0.72940684]
[117.58669502   0.83101478   0.73195506]
[129.28623778   0.85197065   0.73487063]
[141.54094298   0.87289348   0.73820719]
[154.35074537   0.89376978   0.74201437]
[167.71558101   0.91458631   0.74633955]
[181.63538398   0.93532749   0.75122654]
[196.11009383   0.9559757    0.75671496]
[211.13965793   0.97651397   0.76284051]
[226.72402899   0.9969265    0.76963565]
[242.86316458   1.01719865   0.77712877]
