[0.4205719  0.19540166 0.69912805]
[0.98970651 0.21747726 0.71130676]
[2.11466055 0.24041092 0.7231808 ]
[3.79544583 0.26419164 0.7347587 ]
[6.03207371 0.28880805 0.74604896]
[8.82455537 0.31424813 0.75706009]
[12.17290186  0.34049905  0.76780058]
[16.07712416  0.36754697  0.77827888]
[20.53723321  0.39537687  0.78850343]
[25.55323981  0.42397238  0.79848264]
[31.12515453  0.45331551  0.808225  ]
[37.25298754  0.48338634  0.81773913]
[43.93674841  0.5141627   0.82703395]
[51.17644586  0.54561957  0.83611894]
[58.97208745  0.57772844  0.84500452]
[67.32367927  0.61045612  0.85370284]
[76.23122482  0.64376211  0.86222905]
[85.69472194  0.67759298  0.87059927]
[95.71416553  0.71188972  0.87882287]
[106.28955245   0.74659321   0.88691388]
[117.42087924   0.78163609   0.89489517]
[129.10814462   0.81693937   0.9028017 ]
[141.35135097   0.85242244   0.9106846 ]
[154.15049732   0.88800934   0.91860414]
[167.50558036   0.92361667   0.92662125]
[181.41659753   0.95915779   0.93478904]
[195.88354106   0.99455102   0.94315452]
[210.9063939    1.02971758   0.9517598 ]
[226.48513089   1.06457766   0.96064341]
[242.61972474   1.09905019   0.96984113]
